17.063667	13.132393
16.963667	13.132393
16.863667	13.132393
16.763667	13.132393
16.663667	13.132393
16.563667	13.132393
16.463667	13.132393
16.363667	13.132393
16.263667	13.132393
16.163667	13.132393
16.163667	13.032393
16.163667	12.932393
16.163667	12.832393
16.163667	12.732393
16.163667	12.632393
16.163667	12.532393
16.163667	12.432393
16.163667	12.332393
16.163667	12.232393
16.163667	12.132393
16.163667	12.032393
16.163667	11.932393
16.163667	11.832393
16.163667	11.732393
16.163667	11.632393
16.163667	11.532393
16.163667	11.432393
16.163667	11.332393
16.163667	11.232393
16.163667	11.132393
16.163667	11.032393
16.163667	10.932393
16.163667	10.832393
16.163667	10.732393
16.163667	10.632393
16.163667	10.532393
16.163667	10.432393
16.163667	10.332393
16.163667	10.232393
16.263667	10.232393
16.363667	10.232393
16.363667	10.332393
16.463667	10.332393
16.463667	10.432393
16.563667	10.432393
16.663667	10.432393
16.763667	10.432393
16.863667	10.432393
16.963667	10.432393
17.063667	10.432393
17.163667	10.432393
15.823347	4.806104
15.923347	4.806104
16.023347	4.806104
16.123347	4.806104
16.123347	4.906104
16.123347	5.006104
16.223347	5.006104
16.323347	5.006104
16.323347	5.106104
16.423347	5.106104
16.423347	5.206104
16.523347	5.206104
16.523347	5.306104
16.623347	5.306104
16.623347	5.406104
16.723347	5.406104
16.723347	5.506104
16.823347	5.506104
16.923347	5.506104
17.023347	5.506104
17.123347	5.506104
17.123347	5.606104
17.223347	5.606104
17.223347	5.506104
17.223347	5.406104
17.223347	5.306104
17.223347	5.206104
17.223347	5.106104
17.223347	5.006104
17.223347	4.906104
17.223347	4.806104
17.223347	4.706104
17.223347	4.606104
17.223347	4.506104
17.223347	4.406104
17.223347	4.306104
17.223347	4.206104
17.223347	4.106104
17.223347	4.006104
17.223347	3.906104
17.223347	3.806104
17.223347	3.706104
17.223347	3.606104
17.223347	3.506104
17.223347	3.406104
17.223347	3.306104
17.223347	3.206104
17.223347	3.106104
17.223347	3.006104
17.223347	2.906104
17.223347	2.806104
17.223347	2.706104
17.223347	2.606104
17.223347	2.506104
17.223347	2.406104
17.223347	2.306104
17.223347	2.206104
17.223347	2.106104
17.223347	2.006104
17.223347	1.906104
17.223347	1.806104
17.223347	1.706104
17.223347	1.606104
17.223347	1.506104
17.223347	1.406104
17.223347	1.306104
17.223347	1.206104
17.123347	1.206104
17.023347	1.206104
16.923347	1.206104
16.823347	1.206104
16.723347	1.206104
16.623347	1.206104
16.523347	1.206104
16.423347	1.206104
16.323347	1.206104
16.323347	1.306104
16.223347	1.306104
16.123347	1.306104
16.023347	1.306104
15.923347	1.306104
15.923347	1.406104
15.823347	1.406104
15.823347	1.506104
15.723347	1.506104
15.623347	1.506104
15.523347	1.506104
15.423347	1.506104
15.323347	1.506104
15.223347	1.506104
15.123347	1.506104
15.023347	1.506104
14.923347	1.506104
14.923347	1.606104
14.923347	1.706104
14.823347	1.706104
14.723347	1.706104
14.623347	1.706104
14.523347	1.706104
14.423347	1.706104
14.323347	1.706104
12.708001	12.883261
12.708001	12.783261
12.708001	12.683261
12.708001	12.583261
12.708001	12.483261
12.708001	12.383261
12.708001	12.283261
12.708001	12.183261
12.708001	12.083261
12.708001	11.983261
12.708001	11.883261
12.708001	11.783261
12.708001	11.683261
12.708001	11.583261
12.708001	11.483261
12.708001	11.383261
12.708001	11.283261
12.708001	11.183261
12.708001	11.083261
12.708001	10.983261
12.708001	10.883261
12.708001	10.783261
12.708001	10.683261
12.708001	10.583261
12.708001	10.483261
12.708001	10.383261
12.708001	10.283261
12.708001	10.183261
12.708001	10.083261
12.708001	9.983261
12.708001	9.883261
12.708001	9.783261
12.708001	9.683261
12.708001	9.583261
12.708001	9.483261
12.708001	9.383261
12.708001	9.283261
12.708001	9.183261
12.708001	9.083261
12.708001	8.983261
12.708001	8.883261
12.708001	8.783261
12.708001	8.683261
12.608001	8.683261
12.508001	8.683261
12.408001	8.683261
12.308001	8.683261
12.208001	8.683261
12.108001	8.683261
12.008001	8.683261
11.908001	8.683261
11.808001	8.683261
11.708001	8.683261
11.608001	8.683261
11.508001	8.683261
11.508001	8.783261
11.508001	8.883261
11.508001	8.983261
11.508001	9.083261
11.508001	9.183261
11.508001	9.283261
11.508001	9.383261
11.508001	9.483261
11.508001	9.583261
11.508001	9.683261
11.508001	9.783261
11.508001	9.883261
11.508001	9.983261
11.508001	10.083261
11.508001	10.183261
11.508001	10.283261
11.508001	10.383261
11.508001	10.483261
11.508001	10.583261
11.508001	10.683261
11.508001	10.783261
11.508001	10.883261
11.508001	10.983261
11.508001	11.083261
11.508001	11.183261
11.508001	11.283261
11.508001	11.383261
11.508001	11.483261
11.508001	11.583261
11.508001	11.683261
11.508001	11.783261
11.508001	11.883261
11.508001	11.983261
11.508001	12.083261
11.508001	12.183261
11.508001	12.283261
11.508001	12.383261
11.508001	12.483261
11.508001	12.583261
15.127648	9.028567
15.027648	9.028567
14.927648	9.028567
14.827648	9.028567
14.727648	9.028567
14.627648	9.028567
14.527648	9.028567
14.427648	9.028567
14.327648	9.028567
14.227648	9.028567
14.127648	9.028567
14.027648	9.028567
13.927648	9.028567
13.827648	9.028567
13.827648	8.928567
13.827648	8.828567
13.827648	8.728567
13.827648	8.628567
13.827648	8.528567
13.827648	8.428567
13.827648	8.328567
13.827648	8.228567
13.827648	8.128567
13.827648	8.028567
13.827648	7.928567
13.827648	7.828567
13.827648	7.728567
13.827648	7.628567
13.827648	7.528567
13.827648	7.428567
13.827648	7.328567
13.827648	7.228567
13.827648	7.128567
13.827648	7.028567
13.827648	6.928567
13.827648	6.828567
13.827648	6.728567
13.827648	6.628567
13.827648	6.528567
13.827648	6.428567
13.827648	6.328567
13.827648	6.228567
13.827648	6.128567
13.827648	6.028567
13.827648	5.928567
13.827648	5.828567
13.827648	5.728567
13.827648	5.628567
13.827648	5.528567
13.827648	5.428567
13.827648	5.328567
13.827648	5.228567
13.927648	5.228567
14.027648	5.228567
14.027648	5.328567
14.027648	5.428567
14.127648	5.428567
14.227648	5.428567
14.327648	5.428567
14.427648	5.428567
14.427648	5.528567
14.527648	5.528567
14.527648	5.628567
14.527648	5.728567
14.527648	5.828567
14.627648	5.828567
14.727648	5.828567
14.727648	5.928567
14.827648	5.928567
14.927648	5.928567
15.027648	5.928567
15.127648	5.928567
15.227648	5.928567
11.466215	1.607430
11.466215	1.707430
11.466215	1.807430
11.466215	1.907430
11.466215	2.007430
11.466215	2.107430
11.466215	2.207430
11.466215	2.307430
11.566215	2.307430
11.566215	2.407430
11.566215	2.507430
11.566215	2.607430
11.566215	2.707430
11.566215	2.807430
11.666215	2.807430
11.666215	2.907430
11.666215	3.007430
11.666215	3.107430
11.666215	3.207430
11.666215	3.307430
11.666215	3.407430
11.666215	3.507430
11.566215	3.507430
11.466215	3.507430
11.466215	3.407430
11.466215	3.307430
11.366215	3.307430
11.266215	3.307430
11.166215	3.307430
11.166215	3.207430
11.166215	3.107430
11.166215	3.007430
11.166215	2.907430
11.066215	2.907430
10.966215	2.907430
10.866215	2.907430
10.766215	2.907430
10.666215	2.907430
10.566215	2.907430
10.566215	2.807430
10.466215	2.807430
10.366215	2.807430
10.266215	2.807430
10.166215	2.807430
10.066215	2.807430
9.966215	2.807430
9.866215	2.807430
9.766215	2.807430
9.766215	2.707430
9.766215	2.607430
9.766215	2.507430
9.766215	2.407430
9.766215	2.307430
9.766215	2.207430
9.766215	2.107430
9.666215	2.107430
9.666215	2.007430
9.666215	1.907430
9.666215	1.807430
9.666215	1.707430
9.566215	1.707430
9.566215	1.607430
9.566215	1.507430
9.566215	1.407430
9.566215	1.307430
9.566215	1.207430
9.566215	1.107430
9.466215	1.107430
9.466215	1.007430
9.466215	0.907430
9.466215	0.807430
9.466215	0.707430
9.466215	0.607430
9.466215	0.507430
9.466215	0.407430
9.466215	0.307430
9.466215	0.207430
