-0.003984	0.004023	0.000017
-0.014002	0.023381	-0.000006
-0.022669	0.040368	0.000010
-0.030423	0.055288	0.000016
-0.037513	0.069121	0.000020
-0.044057	0.081936	0.000022
-0.050165	0.093937	0.000021
-0.055916	0.105273	0.000019
-0.061366	0.116047	0.000016
-0.066556	0.126339	0.000014
-0.071630	0.136312	0.000119
-0.076396	0.145809	0.000113
-0.079138	0.147313	0.000091
-0.081947	0.148938	0.000088
-0.084723	0.150496	0.000083
-0.087468	0.151989	0.000078
-0.090182	0.153416	0.000073
-0.092865	0.154780	0.000068
-0.095518	0.156081	0.000062
-0.098141	0.157320	0.000057
-0.100735	0.158497	0.000051
-0.103299	0.159613	0.000046
-0.105834	0.160669	0.000041
-0.108340	0.161665	0.000036
-0.110817	0.162602	0.000031
-0.113266	0.163481	0.000026
-0.115686	0.164302	0.000023
-0.118078	0.165065	0.000019
-0.120441	0.165771	0.000016
-0.122777	0.166420	0.000014
-0.125083	0.167012	0.000012
-0.127362	0.167548	0.000011
-0.129611	0.168029	0.000010
-0.131828	0.168457	0.000009
-0.134017	0.168829	0.000008
-0.136178	0.169146	0.000007
-0.138309	0.169408	0.000006
-0.140412	0.169616	0.000005
-0.142486	0.169768	0.000004
-0.144531	0.169866	0.000004
-0.146546	0.169910	0.000003
-0.148532	0.169898	0.000003
-0.144672	0.162752	0.000171
-0.139021	0.152295	0.000073
-0.133984	0.142994	0.000092
-0.128409	0.132739	-0.000021
-0.122894	0.122481	-0.000010
-0.117161	0.111880	0.000000
-0.111221	0.100733	0.000007
-0.104755	0.088857	-0.000023
-0.098270	0.076701	-0.000044
-0.091133	0.063350	-0.000016
-0.083597	0.049217	-0.000017
-0.074560	0.032362	-0.000013
-0.064806	0.014182	0.000008
61.000000	61.000000	61.000000
-0.272222	0.165556	0.000000
-0.267032	0.157497	-0.000043
-0.261756	0.148985	0.000021
-0.256329	0.140135	0.000069
-0.250819	0.131479	0.000037
-0.244727	0.121640	-0.000095
-0.238663	0.111662	-0.000053
-0.232393	0.101288	-0.000028
-0.225870	0.090434	-0.000015
-0.219076	0.079051	-0.000016
-0.218118	0.073998	0.000044
-0.217148	0.068956	0.000032
-0.216092	0.063756	0.000030
-0.214940	0.058395	0.000045
-0.223868	0.073567	0.000183
-0.221389	0.065801	0.000062
-0.230082	0.080524	0.000197
-0.227607	0.072756	0.000076
-0.236109	0.087100	0.000211
-0.233352	0.078855	0.000002
-0.232359	0.073805	0.000041
-0.231116	0.068303	0.000048
-0.229767	0.062627	0.000069
-0.228351	0.056856	0.000119
-0.235431	0.068558	0.000009
-0.234285	0.063237	0.000086
-0.241235	0.074685	0.000009
-0.240083	0.069344	0.000068
-0.246877	0.080481	0.000007
-0.245743	0.075175	0.000065
-0.244267	0.069301	0.000082
-0.242689	0.063261	0.000117
-0.240366	0.055802	0.000010
-0.247790	0.068089	0.000016
-0.246056	0.061692	0.000007
-0.244054	0.054886	0.000017
-0.241878	0.047781	0.000039
-0.239498	0.040293	0.000055
-0.247368	0.053335	0.000029
-0.245203	0.046207	0.000041
-0.242652	0.038407	0.000042
-0.250657	0.051619	-0.000006
-0.258167	0.063930	0.000016
-0.265338	0.075534	0.000010
-0.272171	0.086462	0.000003
-0.278719	0.096892	0.000043
-0.284946	0.106630	0.000017
-0.291201	0.116453	0.000117
-0.296894	0.125146	0.000053
-0.302520	0.133711	0.000029
-0.308317	0.142558	0.000141
-0.313632	0.150485	0.000115
-0.318854	0.158222	0.000101
61.000000	61.000000	61.000000
-0.188889	0.366667	0.000000
-0.191508	0.367241	-0.000052
-0.194529	0.368275	-0.000069
-0.197534	0.369487	-0.000029
-0.200693	0.370670	-0.000016
-0.203845	0.371821	0.000014
-0.206959	0.372964	0.000044
-0.210053	0.374069	0.000077
-0.212558	0.374260	0.000000
-0.215442	0.375021	0.000001
-0.218307	0.375742	0.000001
-0.221154	0.376421	0.000002
-0.223983	0.377059	0.000002
-0.226789	0.377651	0.000001
-0.229579	0.378205	0.000002
-0.232351	0.378718	0.000002
-0.235102	0.379189	0.000003
-0.237834	0.379619	0.000003
-0.240545	0.380007	0.000004
-0.243237	0.380354	0.000005
-0.245907	0.380660	0.000006
-0.248556	0.380924	0.000006
-0.251184	0.381147	0.000007
-0.253791	0.381329	0.000008
-0.256375	0.381469	0.000010
-0.258937	0.381568	0.000011
-0.261477	0.381626	0.000012
-0.263994	0.381643	0.000014
-0.266487	0.381618	0.000015
-0.268957	0.381552	0.000017
-0.271403	0.381445	0.000018
-0.273825	0.381297	0.000020
-0.276223	0.381107	0.000022
-0.278596	0.380876	0.000024
-0.280944	0.380604	0.000026
-0.283266	0.380291	0.000028
-0.285563	0.379937	0.000030
-0.287834	0.379541	0.000033
-0.290078	0.379104	0.000035
-0.292296	0.378626	0.000037
-0.294487	0.378107	0.000040
-0.291313	0.372854	0.000050
-0.294480	0.378101	0.000043
-0.297691	0.383343	0.000041
-0.300886	0.388540	0.000039
-0.304067	0.393697	0.000037
-0.307237	0.398813	0.000036
-0.310395	0.403891	0.000035
-0.313542	0.408931	0.000035
-0.316680	0.413935	0.000035
-0.319808	0.418904	0.000036
-0.322928	0.423838	0.000037
-0.326040	0.428740	0.000038
-0.329144	0.433609	0.000039
-0.332240	0.438446	0.000039
-0.335327	0.443250	0.000039
-0.338404	0.448022	0.000037
-0.335929	0.448535	0.000041
-0.333418	0.449019	0.000038
-0.330878	0.449461	0.000035
-0.328310	0.449861	0.000032
-0.325714	0.450219	0.000029
-0.323090	0.450536	0.000027
-0.320440	0.450811	0.000024
-0.317763	0.451045	0.000022
-0.315059	0.451237	0.000019
-0.312330	0.451387	0.000017
-0.309839	0.451824	0.000056
-0.307061	0.451882	0.000054
-0.304244	0.451886	0.000050
-0.301403	0.451848	0.000046
-0.298537	0.451767	0.000042
-0.295647	0.451642	0.000037
-0.292731	0.451473	0.000033
-0.289967	0.451533	0.000051
-0.286813	0.450978	0.000019
-0.284012	0.450965	0.000052
-0.281014	0.450647	0.000072
-0.277955	0.450226	0.000051
-0.274770	0.449607	-0.000001
-0.271729	0.449216	0.000026
-0.268827	0.448939	0.000029
-0.265745	0.448433	0.000042
-0.262641	0.447828	0.000023
-0.259484	0.447159	0.000032
-0.256291	0.446444	0.000026
-0.253071	0.445678	0.000014
-0.249828	0.444868	-0.000003
-0.246605	0.444079	-0.000014
-0.243367	0.443230	-0.000021
-0.240113	0.442337	-0.000027
-0.236843	0.441402	-0.000034
-0.233557	0.440425	-0.000040
61.000000	61.000000	61.000000
-0.205556	0.232222	0.000000
-0.209640	0.239310	0.000103
-0.213571	0.246328	-0.000001
-0.217554	0.253243	0.000011
-0.221260	0.259905	-0.000012
-0.224997	0.266506	-0.000027
-0.228707	0.273017	-0.000034
-0.232394	0.279448	-0.000037
-0.236051	0.285795	-0.000036
-0.239674	0.292059	-0.000033
-0.243263	0.298242	-0.000030
-0.246817	0.304345	-0.000026
-0.250338	0.310372	-0.000022
-0.253827	0.316325	-0.000017
-0.257286	0.322208	-0.000013
-0.259467	0.321776	-0.000004
-0.261460	0.321216	-0.000004
-0.263421	0.320610	-0.000004
-0.265355	0.319961	-0.000004
-0.267261	0.319269	-0.000004
-0.269139	0.318534	-0.000004
-0.270989	0.317756	-0.000004
-0.272810	0.316935	-0.000004
-0.274603	0.316070	-0.000003
-0.276366	0.315161	-0.000003
-0.277797	0.313778	-0.000053
-0.279622	0.312982	-0.000028
-0.281196	0.311601	-0.000072
-0.282915	0.310736	-0.000050
-0.284736	0.310021	-0.000007
-0.286578	0.309390	0.000055
-0.287916	0.307612	-0.000003
-0.289439	0.306360	-0.000001
-0.290952	0.305082	0.000004
-0.292447	0.303771	0.000012
-0.293921	0.302427	0.000024
-0.295239	0.300877	0.000007
-0.296613	0.299401	0.000010
-0.297957	0.297881	0.000013
-0.299270	0.296317	0.000017
-0.300552	0.294709	0.000022
-0.301802	0.293057	0.000027
-0.303022	0.291362	0.000033
-0.304210	0.289622	0.000040
-0.305366	0.287838	0.000048
-0.306491	0.286011	0.000057
-0.307585	0.284140	0.000068
-0.308648	0.282226	0.000080
-0.309679	0.280268	0.000093
-0.310361	0.277937	0.000005
-0.306301	0.271797	0.000008
-0.302197	0.265565	0.000010
-0.298055	0.259238	0.000015
-0.293872	0.252810	0.000020
-0.289647	0.246279	0.000029
-0.285378	0.239641	0.000040
-0.284573	0.241852	0.000067
-0.283687	0.243944	0.000059
-0.279377	0.237181	0.000040
-0.278525	0.239318	0.000069
-0.274177	0.232443	0.000048
-0.269828	0.225527	0.000067
-0.265199	0.218237	0.000004
-0.264343	0.220323	0.000009
-0.259847	0.213104	0.000005
-0.255266	0.205705	0.000007
-0.250605	0.198136	0.000012
-0.245858	0.190388	0.000018
61.000000	61.000000	61.000000
-0.416667	0.288889	0.000000
-0.416711	0.292328	-0.000052
-0.417150	0.296223	0.000038
-0.417281	0.299897	-0.000009
-0.417418	0.303468	-0.000008
-0.417516	0.306988	-0.000007
-0.417570	0.310453	-0.000006
-0.413623	0.305607	-0.000013
-0.413565	0.308925	-0.000006
-0.409492	0.303854	-0.000037
-0.409512	0.307303	-0.000007
-0.409462	0.310638	-0.000006
-0.405135	0.305134	-0.000090
-0.401025	0.299928	-0.000102
-0.401294	0.303791	-0.000009
-0.401200	0.307059	-0.000006
-0.401045	0.310264	-0.000005
-0.400847	0.313416	-0.000005
-0.400608	0.316516	-0.000004
-0.400326	0.319566	-0.000004
-0.400003	0.322566	-0.000003
-0.399638	0.325516	-0.000003
-0.399233	0.328418	-0.000002
-0.398788	0.331271	-0.000001
-0.398302	0.334076	-0.000000
-0.402060	0.338971	0.000002
-0.405980	0.343903	0.000008
-0.409893	0.348782	0.000012
-0.410570	0.346067	0.000004
-0.411050	0.343237	0.000004
-0.411489	0.340361	0.000003
-0.411886	0.337438	0.000002
-0.415638	0.342209	0.000004
-0.419564	0.347006	0.000009
-0.423482	0.351751	0.000012
-0.424009	0.348861	0.000003
-0.427780	0.353500	0.000012
-0.431687	0.358147	0.000014
-0.432167	0.355211	0.000003
-0.435951	0.359765	0.000014
-0.439850	0.364317	0.000016
-0.443742	0.368821	0.000017
-0.444174	0.365841	0.000002
-0.444479	0.362784	0.000002
-0.448282	0.367212	0.000014
-0.452174	0.371629	0.000016
-0.452527	0.368563	0.000002
-0.452763	0.365425	0.000002
-0.452957	0.362242	0.000001
-0.453111	0.359014	0.000001
-0.453222	0.355741	0.000001
-0.457061	0.360106	0.000011
-0.460969	0.364448	0.000011
-0.464871	0.368742	0.000012
-0.468767	0.372989	0.000012
-0.472660	0.377190	0.000012
-0.476549	0.381347	0.000012
-0.480435	0.385460	0.000012
-0.484320	0.389530	0.000012
-0.488203	0.393557	0.000012
-0.492086	0.397542	0.000012
-0.495969	0.401486	0.000011
-0.495664	0.397619	-0.000054
-0.495898	0.394513	-0.000050
-0.495838	0.391017	-0.000042
-0.495878	0.387679	-0.000032
-0.495912	0.384349	-0.000016
-0.495918	0.380999	0.000003
-0.495895	0.377625	0.000025
-0.495841	0.374225	0.000048
-0.495754	0.370795	0.000073
-0.495194	0.366684	0.000004
-0.494928	0.363002	0.000000
-0.494570	0.359208	0.000004
-0.494187	0.355400	0.000003
-0.493755	0.351540	0.000004
-0.493279	0.347631	0.000005
-0.492761	0.343674	0.000006
-0.492202	0.339669	0.000008
-0.491601	0.335614	0.000010
-0.490958	0.331509	0.000013
-0.490273	0.327353	0.000016
-0.489546	0.323146	0.000020
-0.488776	0.318886	0.000026
-0.487965	0.314573	0.000032
